Latitude : 22.400000-22.495232
Lognitide : 88.000000-88.400000